Flight_no,Passengers,Seats,Ratio,Route
1,21,30,0.7,0
2,41,396,0.103535354,1
3,88,342,0.257309942,1
4,11,72,0.152777778,1
5,0,18,0,0
6,11,18,0.611111111,0
7,2,72,0.027777778,0
8,7,18,0.388888889,1
9,7,36,0.194444444,1
10,8,18,0.444444444,1
11,453,3128,0.144820972,1
12,784,2720,0.288235294,0
13,749,2992,0.250334225,1
14,11,18,0.611111111,0
15,349,851,0.410105758,0
16,1376,2898,0.474810214,0
17,444,1110,0.4,0
18,1949,3261,0.597669427,0
19,381,814,0.468058968,0
20,1559,2772,0.562409812,1
21,1852,3600,0.514444444,1
22,483,925,0.522162162,1
23,1965,3492,0.562714777,1
24,494,1036,0.476833977,0
25,459,962,0.477130977,0
26,553,1036,0.533783784,0
27,1887,3186,0.592278719,0
28,773,1887,0.409644939,1
29,1800,3060,0.588235294,1
30,1173,1998,0.587087087,0
31,462,999,0.462462462,1
32,386,962,0.401247401,0
33,2412,3654,0.660098522,1
34,1787,3222,0.554624457,0
35,1446,3042,0.475345168,1
36,1922,3042,0.63182117,0
37,523,962,0.543659044,1
38,2333,3654,0.63847838,0
39,139,396,0.351010101,1
40,209,999,0.209209209,0
41,189,414,0.456521739,1
42,168,432,0.388888889,0
43,166,925,0.179459459,1
44,184,412,0.446601942,0
45,157,414,0.379227053,1
46,177,888,0.199324324,0
47,172,378,0.455026455,1
48,134,999,0.134134134,0
49,118,925,0.127567568,1
50,1413,2760,0.511956522,0
51,123,342,0.359649123,1
52,172,925,0.185945946,1
53,1394,2640,0.528030303,1
54,922,2580,0.357364341,1
55,230,925,0.248648649,1
56,1661,2790,0.595340502,1
57,176,925,0.19027027,0
58,1093,2640,0.414015152,0
59,150,396,0.378787879,0
60,995,2370,0.419831224,0
61,150,925,0.162162162,1
62,94,703,0.13371266,0
63,150,396,0.378787879,0
64,177,468,0.378205128,0
65,1080,2490,0.43373494,0
66,1279,2340,0.546581197,0
67,1080,2490,0.43373494,0
68,187,399,0.468671679,0
69,1493,2760,0.540942029,0
70,106,629,0.168521463,0
71,194,962,0.201663202,0
72,1204,2550,0.472156863,0
73,200,486,0.411522634,0
74,1599,2992,0.534425134,0
75,643,2856,0.225140056,0
76,1280,2720,0.470588235,0
77,66,104,0.634615385,0
78,12,18,0.666666667,0
79,8,37,0.216216216,0
80,98,324,0.302469136,0
81,41,342,0.119883041,0
82,68,360,0.188888889,0
83,65,378,0.171957672,0
84,68,414,0.164251208,0
85,55,414,0.132850242,0
86,60,396,0.151515152,0
87,56,360,0.155555556,0
88,47,378,0.124338624,0
89,60,396,0.151515152,0
90,42,324,0.12962963,0
91,62,414,0.149758454,0
92,113,119,0.949579832,0
93,175,888,0.197072072,0
94,1352,2640,0.512121212,0
95,95,925,0.102702703,0
96,1617,2790,0.579569892,0
97,1327,2670,0.497003745,0
98,1392,2550,0.545882353,0
99,199,851,0.233842538,0
100,168,999,0.168168168,0
101,229,999,0.229229229,0
102,165,414,0.398550725,0
103,1013,2700,0.375185185,0
104,181,396,0.457070707,0
105,144,396,0.363636364,0
106,100,777,0.128700129,0
107,100,342,0.292397661,0
108,218,925,0.235675676,0
109,144,378,0.380952381,0
110,115,888,0.129504505,0
111,1198,2790,0.429390681,0
112,157,814,0.192874693,0
113,133,270,0.492592593,0
114,153,703,0.217638691,0
115,143,360,0.397222222,0
116,100,306,0.326797386,0
117,195,414,0.471014493,0
118,1274,2550,0.499607843,0
119,1093,2490,0.438955823,0
120,178,396,0.449494949,0
121,223,999,0.223223223,0
122,1537,2760,0.556884058,0
123,1184,2670,0.443445693,0
124,148,396,0.373737374,0
125,1311,2790,0.469892473,0
126,153,962,0.159043659,0
127,223,468,0.476495726,0
128,1160,2190,0.529680365,0
129,2,38,0.052631579,0
130,25,36,0.694444444,0
131,12,74,0.162162162,0
132,5,37,0.135135135,0
133,11,18,0.611111111,0
134,1,18,0.055555556,0
135,8,36,0.222222222,0
136,7,18,0.388888889,0
137,19,54,0.351851852,0
138,1299,3382,0.384092253,0
139,2057,3726,0.552066559,0
140,1467,3363,0.436217663,1
141,2271,3546,0.640439932,1
142,545,851,0.640423032,1
143,1498,3344,0.447966507,1
144,1086,3059,0.35501798,1
145,1903,3492,0.544959908,1
146,1188,1887,0.629570747,1
147,581,1147,0.506538797,1
148,856,1887,0.453630101,1
149,2165,3294,0.657255616,1
150,1143,3154,0.362396956,1
151,70,210,0.333333333,1
152,1924,3582,0.537130095,1
153,1539,3211,0.479289941,1
154,1891,3168,0.596906566,1
155,10,65,0.153846154,1
156,717,1924,0.372661123,0
157,1175,3230,0.36377709,1
158,15,65,0.230769231,0
159,886,1739,0.509488212,1
160,1660,3132,0.530012771,0
161,898,1924,0.466735967,1
162,7,65,0.107692308,1
163,1523,3363,0.452869462,1
164,1712,3258,0.525475752,1
165,1550,2988,0.518741633,0
166,2000,3240,0.617283951,0
167,1098,2907,0.377708978,0
168,780,1998,0.39039039,0
169,1108,2831,0.391381137,0
170,467,814,0.573710074,1
171,1627,2916,0.557956104,1
172,783,1480,0.529054054,1
173,1514,3096,0.489018088,1
174,1267,3287,0.385457864,1
175,1295,3306,0.391712039,1
176,1240,1998,0.620620621,1
177,521,962,0.541580042,0
178,5,65,0.076923077,0
179,2034,3528,0.576530612,0
180,753,2035,0.37002457,0
181,32,65,0.492307692,0
182,731,1850,0.395135135,1
183,1869,3240,0.576851852,1
184,701,1850,0.378918919,1
185,2429,3600,0.674722222,1
186,1452,3344,0.434210526,0
187,1158,3325,0.348270677,1
188,1831,3690,0.496205962,0
189,1761,2204,0.799001815,1
190,963,2035,0.473218673,0
191,1338,3895,0.34351733,1
192,1165,3382,0.344470727,0
193,807,1554,0.519305019,1
194,2610,3834,0.680751174,0
195,410,1887,0.2172761,1
196,1771,3078,0.575373619,0
197,422,1221,0.345618346,1
198,1067,3249,0.328408741,0
199,1791,3384,0.529255319,1
200,1328,3135,0.423604466,0
201,1779,3276,0.543040293,1
202,2630,3672,0.716230937,0
203,643,2035,0.315970516,1
204,733,2035,0.36019656,0
205,1079,2220,0.486036036,1
206,2883,3672,0.785130719,0
207,1513,3382,0.447368421,1
208,356,1850,0.192432432,0
209,1352,3762,0.359383307,1
210,2051,3672,0.558551198,0
211,391,962,0.406444906,1
212,1819,3510,0.518233618,1
213,966,3382,0.285629805,1
214,1169,3211,0.36406104,0
215,1212,3230,0.375232198,0
216,8,37,0.216216216,1
217,4,18,0.222222222,0
218,15,18,0.833333333,1
219,183,247,0.740890688,0
220,5,18,0.277777778,1
221,81,360,0.225,0
222,71,324,0.219135802,1
223,40,342,0.116959064,0
224,20,54,0.37037037,1
225,196,378,0.518518519,0
226,113,703,0.160739687,1
227,106,234,0.452991453,1
228,137,360,0.380555556,0
229,180,378,0.476190476,1
230,204,414,0.492753623,1
231,1008,1680,0.6,0
232,169,396,0.426767677,1
233,107,703,0.152204836,1
234,854,1560,0.547435897,1
235,920,2790,0.329749104,0
236,219,396,0.553030303,1
237,943,2550,0.369803922,1
238,254,888,0.286036036,1
239,184,396,0.464646465,0
240,195,378,0.515873016,0
241,1030,2340,0.44017094,0
242,1337,2460,0.543495935,1
243,1283,1620,0.791975309,1
244,1108,1710,0.647953216,1
245,206,414,0.497584541,0
246,1004,2520,0.398412698,0
247,30,148,0.202702703,0
248,998,2460,0.405691057,0
249,992,1710,0.580116959,1
250,196,396,0.494949495,1
251,1221,1650,0.74,1
252,912,1530,0.596078431,0
253,1000,1650,0.606060606,1
254,1024,1680,0.60952381,0
255,146,888,0.164414414,1
256,872,1710,0.50994152,0
257,925,1064,0.869360902,1
258,2,18,0.111111111,0
259,173,925,0.187027027,1
260,1010,1680,0.601190476,0
261,17,18,0.944444444,1
262,1539,3211,0.479289941,1
263,2468,3564,0.692480359,0
264,1251,3097,0.403939296,1
265,1025,2257,0.454142667,1
266,795,2220,0.358108108,0
267,1608,3667,0.43850559,0
268,416,925,0.44972973,1
269,1994,3510,0.568091168,0
270,1752,3705,0.472874494,1
271,1949,3870,0.503617571,1
272,2824,3780,0.747089947,1
273,2629,3258,0.806936771,0
274,826,2109,0.391654813,0
275,1044,2368,0.440878378,1
276,2407,3348,0.718936679,1
277,1233,2368,0.520692568,0
278,1798,3154,0.570069753,1
279,2322,3420,0.678947368,0
280,617,1776,0.34740991,1
281,2629,3636,0.723047305,0
282,1342,2850,0.470877193,1
283,2051,3852,0.532450675,0
284,480,1036,0.463320463,1
285,408,851,0.479435958,0
286,1266,2257,0.560921577,1
287,1039,1961,0.529831719,0
288,2342,3564,0.657126824,1
289,2341,4410,0.530839002,0
290,1591,2627,0.605633803,1
291,2167,4158,0.521164021,1
292,3,18,0.166666667,0
293,124,124,1,1
294,68,124,0.548387097,0
295,122,124,0.983870968,0
296,201,551,0.364791289,1
297,206,513,0.401559454,0
298,2,18,0.111111111,1
299,261,589,0.443123939,0
